0,0.05,0.32
65000,65000,20830,22125,65000,65000,65000,65000,65000,65000,65000,20129
65000,20643,20994,21022,20782,20808,21016,20625,20897,20428,21391,20496
65000,20711,21284,21324,21275,21434,21418,21198,21070,20913,21223,20858
65000,65000,21448,20818,21224,20849,21487,21787,21662,21822,24692,20951
65000,65000,20934,21801,43605,65000,65000,65000,65000,65000,65000,20911
65000,65000,20721,20888,44532,65000,65000,65000,65000,65000,65000,21421
65000,65000,20700,21753,65000,65000,65000,65000,65000,65000,65000,20599
65000,65000,20291,20561,65000,65000,65000,65000,65000,65000,65000,20503

3.1,0.05,0.32
65000,65000,20236,20389,65000,65000,65000,65000,65000,65000,65000,19478
65000,20023,20009,20211,20191,20308,20439,20209,20090,20281,20355,20301
65000,20265,20648,20594,20968,20722,20468,20781,20831,20016,19661,19791
65000,22991,20730,21053,21306,20468,20710,21677,20689,20346,21401,20345
65000,65000,21470,21741,22260,65000,36274,65000,65000,65000,65000,19970
65000,65000,20617,20762,65000,65000,65000,65000,65000,65000,65000,20172
65000,65000,20941,21603,65000,65000,65000,65000,65000,65000,65000,20317
65000,65000,20161,20385,32547,65000,65000,65000,65000,65000,65000,19761

7.8,0.05,0.32
65000,65000,20965,20959,65000,65000,65000,65000,65000,65000,65000,65000
65000,20390,20549,20343,20593,21006,21016,20102,20148,20713,20422,20449
65000,20650,21104,21285,21423,21534,21367,21497,20931,20639,20434,20181
65000,65000,21166,21615,21106,64807,65000,65000,65000,65000,65000,20816
65000,65000,22022,22099,22963,65000,65000,65000,65000,65000,65000,20302
65000,65000,20938,21122,31084,65000,65000,65000,65000,65000,65000,20033
65000,65000,21113,21739,42531,65000,65000,65000,65000,65000,65000,19919
65000,65000,20781,20904,21831,65000,65000,65000,65000,65000,65000,19783

15.6,0.05,0.32
65000,65000,20891,21282,65000,65000,65000,65000,65000,65000,65000,20451
65000,20658,21297,21067,20930,20691,51065,20569,20945,19981,21133,20713
65000,21091,21433,21222,21493,21378,21745,21507,21609,21140,21208,21005
65000,65000,21730,21065,21293,21191,21097,21469,21608,21818,22151,21074
65000,65000,21526,22041,22054,23900,65000,65000,65000,65000,65000,21539
65000,65000,21171,20982,21118,31309,65000,65000,65000,65000,65000,21726
65000,65000,21510,21703,26839,65000,65000,65000,65000,65000,65000,20999
65000,65000,21166,20556,20781,23336,65000,65000,65000,65000,65000,20720

31.6,0.05,0.32
65000,65000,20363,20765,65000,65000,65000,65000,65000,65000,65000,19712
65000,20198,20758,20720,20501,20704,20300,22354,20957,20481,20988,20344
65000,20447,21156,21180,21221,21652,21161,22920,20821,20801,20900,21029
65000,65000,21249,20684,21005,20704,21122,65000,21267,21436,20752,20553
65000,65000,20888,21510,43390,22309,23994,65000,28735,33808,26445,20822
65000,65000,20834,20670,21089,21334,22599,65000,32205,37161,27933,21128
65000,65000,20790,20957,21353,23930,27781,65000,47028,27369,29527,20356
65000,65000,20750,20288,20193,21369,22144,65000,29347,26967,34840,20155

62.5,0.05,0.32
65000,21280,21195,23790,65000,65000,65000,65000,65000,65000,65000,20564
65000,21439,21468,21504,21308,21577,21956,21322,21222,21129,21470,21125
65000,21548,21511,21560,22146,22290,21825,22170,22252,21317,21046,20674
65000,65000,21320,22478,22364,21874,22123,21869,21914,21316,21797,21425
65000,65000,22517,22640,22614,22248,22155,22519,22455,22102,21766,21012
65000,65000,21518,21620,21695,21987,21812,22075,21801,21809,22993,20705
65000,65000,21576,22175,22364,21426,23224,22571,22772,21639,22720,20650
65000,65000,20747,21225,21350,21500,21314,21145,21820,20877,20969,20367
